Inicio da operacao
2016-09-30 14:16:31.029000
 TS01 = 34
 TS02 = 34
 TS03 = 34
TS04 = 34
 TS05 = 35
 TS06 = 35
 TS07 = 36
TS08 = 36
 TS09 = 36

Authors	Articles	Collaborations	Authors	Eold	Enew
5114	6227		18136		812	1069	463
Fim da Operacao
2016-09-30 14:17:05.407000